104979656_ie4dinlfmizdeoddg4zdambqgiyde_640x960_1 0.84432644 150 0 467 537
107672959_ifqtcnjzhaztgolbg4zdambqgyyde_640x960 0.70626014 0 298 576 914
124339242_ifrtsojrhazdgoddg4zdambqhayde_640x960 0.9329014 124 298 588 944
133867364_ifrgkodbmftdenbshazdambqmeyde_640x960_1 0.63951254 182 0 490 611
14dhcd_ie2tkytcgfrwgyjrgmzdambqhayde_640x960 0.51099414 115 29 596 754
17514m_ie2dmmjymy2dqyztgezdambqgiyde_640x960 0.55055606 77 218 535 960
188waj_ifrggnzsgjswiobvg4zdambqmeyde_640x960 0.52292806 92 240 640 941
195eu6_ie3tcytbgu4tintdgyzdambqgayde_640x960 0.51907706 157 325 552 943
195eu6_ieytsobygy4tknjugizdambqmeyde_640x960 0.64314926 113 284 536 864
1d179d_iezdgodfgfrgkmrzgmzdambqmmyde_640x960 0.70548 234 230 470 666
24hi9i_ie4tcnbxmy4tizjwgyzdambqgqyde_683x1024 0.88811946 154 300 414 704
24o9u_kq2hsqklkrbhsx2ugfjeg5sckzsew_468x468 0.68485636 139 129 339 452
24o9u_kqzgi5sxkrbgu2cugfjeg5sckzsew_539x792 0.53269583 111 235 388 743
26sc47_ifrdcntche2dgobvgyzdambqmeyde_800x800 0.546096 213 236 636 770
64709152_ifqweyrqmuydmmlgg4zdambqgyyde_640x960 0.51726 140 206 534 900
99221061_ie4tgy3fgbqwmy3bg4zdambqgqyde_640x960 0.9276502 181 212 542 796
ava6l_ieztsmlbmuytoylfmyytambqgyyde_640x960 0.92458 59 302 509 947
b4fkh_ieywczlfmi2dqn3cgmzdambqmeyde_640x960_1 0.81538546 207 0 536 436
b66wq_kq2dmn2kkrbfiwsugfjeg5sckzsew_450x600 0.55016696 68 117 388 544
byrg4_ifqtmodcguzwgodcgqzdambqgyyde_750x1125 0.639955 132 419 569 970
c0bfy_ie3toyzuhe4donzvgqzdambqgayde_640x960 0.51266545 0 0 640 875
dqtnf_ie4gimzzmm4gkztghazdambqgiyde_1242x1245 0.8327988 328 611 634 1124
dqtnf_ie4tambvgjstmodchazdambqgqyde_1242x1242 0.9337716 269 500 734 1228
dqtnf_ie4wenjsgqytanjshazdambqgqyde_1242x1257 0.6542132 418 325 812 992
dqtnf_ie4wimbsmq4gkztghazdambqgqyde_1242x1242 0.5389854 314 514 985 1242
dqtnf_ifqwiyrvgfsdam3dhazdambqgyyde_1242x1257 0.5747654 411 295 837 888
e18ev_ieztcmrzmuztimjxgezdambqgyyde_640x960 0.5787992 96 225 570 836
female_000232 0.5589615 101 155 435 675
female_000239 0.68162304 85 154 374 675
gv440_kq2dqy2zkrbg2rkugfjeg5sckzsew_450x600 0.6194828 134 100 340 549
h3po3_ieztgnrzgjtggnlggezdambqgyyde_640x960_1 0.5470722 103 8 543 588
hhc0t_ie4giztdgi4wcyjxg4zdambqgiyde_640x960 0.7173072 14 259 623 915
i5kb2_kq2fqodekrbegtcugfjeg5sckzsew_450x599 0.50640815 125 243 414 542
ihj8_kq2dsmsfkrbgowsugfjeg5sckzsew_600x600 0.62928915 56 30 510 597
j5n7e_ieydmnjrmm4tgm3emiytambqgyyde_2667x4000 0.6540272 523 761 2210 3772
jc4zl_kqzdc6kfl5bhgysugfjeg5sckzsew_450x600_1 0.68830234 105 31 333 457
jiepai_20160204_05278 0.7246102 145 212 400 662
jiepai_20160204_06282 0.71388906 115 161 280 363
jiepai_20160204_07412 0.75364465 373 272 758 923
jiepai_20160204_07993 0.8696645 46 240 359 762
jiepai_20160204_09523 0.72186077 153 122 431 612
jmkt5_ieztsylfme2tin3cmyytambqgyyde_640x960_1 0.5520464 107 29 539 519
k0csf_kq2do4dekrbhszdwgfjeg5sckzsew_450x600 0.796144 49 100 341 567
l1l8x_kq2hkv2wkrbhgx2ugfjeg5sckzsew_450x600 0.5219767 44 45 449 577
lswy4_kq2eytk2krbfcv2ugfjeg5sckzsew_400x533 0.93977094 93 0 341 353
msieq_ie2dsojqmm4wem3ggmzdambqgiyde_750x759_1 0.56737536 170 60 510 458
o52ei_ie2gcojsmq2tqnbygezdambqgiyde_640x961 0.5179654 103 86 554 722
o52ei_ieydimrwhaywkmjummytambqmmyde_800x1200 0.7756006 176 50 618 669
okw69_ifqwimjrgaytandegyzdambqgyyde_640x960 0.5515452 174 357 568 872
