100793712_ie4tgnjwmnrtimleg4zdambqgqyde_640x960 0.16941868 202 207 470 823
102628900_ifrtinjsheytcn3bg4zdambqhayde_640x960_1 0.1609306 110 27 528 679
103629344_ifqtkojsmnrggnlgg4zdambqgyyde_640x960_1 0.21513505 149 25 455 675
104979656_ie4dinlfmizdeoddg4zdambqgiyde_640x960_1 0.84432644 150 0 467 537
105273495_ifrgkzlcguztqmteg4zdambqmeyde_640x960 0.2221426 174 156 562 822
105336810_ifqtemzxgvrdsoddg4zdambqgyyde_640x960 0.24266557 146 10 503 551
107161924_ifqtgmtbguzdkytcg4zdambqgyyde_640x960_1 0.28756008 108 0 520 626
107672959_ifqtcnjzhaztgolbg4zdambqgyyde_640x960 0.7062605 0 298 576 914
110541033_ifrggmzrmrrtsytdg4zdambqmeyde_640x832 0.48215726 109 24 458 526
110544809_ifrtqyzyg4ztoodeg4zdambqhayde_800x1200_1 0.115340024 308 55 556 455
112360611_ie4dsnddhezdemldg4zdambqgiyde_640x960_1 0.14017662 208 21 446 633
114032077_ie4dcnrwgztdqytfg4zdambqgiyde_640x960_1 0.10454975 218 82 473 600
114287631_ie4wmmrygjtdoylgg4zdambqgqyde_640x960_1 0.14654984 193 0 489 455
116344650_ie4toztdgbrgmy3cg4zdambqgqyde_640x960 0.10045454 110 0 597 600
11wtyj_ieztgzlbme4tgodcgmzdambqgyyde_2448x3264 0.11509865 28 745 2083 3119
120094003_ie4wgmldgjstqmlgg4zdambqgqyde_750x1125_1 0.2921259 262 0 552 690
124339242_ifrtsojrhazdgoddg4zdambqhayde_640x960 0.93290114 124 298 588 944
1243tl_ifrtcmbzmm4gmyjug4zdambqhayde_640x960 0.19934629 153 237 640 847
1243tl_ifrwkm3bmrtdimjtg4zdambqhayde_640x960 0.25285864 112 288 560 945
12zjtc_iezgmnzzgzqtazrygmzdambqmmyde_640x960 0.12936518 76 103 640 529
133867364_ifrgkodbmftdenbshazdambqmeyde_640x960_1 0.63951254 182 0 490 611
13jp0y_kqzdqrdcozbfqysugfjeg5sckzsew_560x734 0.12006894 68 110 520 716
13pnsf_ie2tendfmeydkmddmyytambqhayde_640x960_1 0.1231935 119 41 517 479
140036968_ie4dmmzsg43tezlcg4zdambqgiyde_640x960_1 0.14975338 158 3 454 698
140116307_ie4tiylgga3wkmddg4zdambqgqyde_640x960_1 0.14203313 149 49 507 777
14dhcd_ie2dqyrymfrdcmzvgizdambqgiyde_1000x1500 0.111149415 0 0 717 906
14dhcd_ie2ggzrrmfswenzqgmzdambqgiyde_640x360 0.23272005 155 0 360 245
14dhcd_ie2tkytcgfrwgyjrgmzdambqhayde_640x960 0.5109949 115 29 596 754
14dhcd_ieywentfgazwmnrrgmzdambqmeyde_640x960_1 0.10986042 191 0 475 446
14n99y_ie3wmyztmmydenjxgqzdambqgayde_640x960 0.166724 5 222 630 960
153ghn_kq2he4kkkrbguzcugfjeg5sckzsew_450x600 0.43288222 111 158 387 576
15na1w_ieyggnrthfsdiojzmqytambqgyyde_640x960_1 0.105744995 146 0 558 683
16qiu9_ifrdanrsmi3deolegyzdambqmeyde_640x960_1 0.24176514 103 5 589 610
171ud7_kqzdi6cwkrbdozcugfjeg5sckzsew_450x600 0.16745044 23 205 308 600
17514m_ie2dmmjymy2dqyztgezdambqgiyde_640x960 0.5505545 77 218 535 960
17ah26_kqzfutliozbdkvsugfjeg5sckzsew_468x624 0.10819647 20 113 448 600
17tvl8_ie2doojsgi4dazbugizdambqgiyde_640x960 0.43083078 69 277 616 865
17xaga_kqzfet2bozbfiv2ugfjeg5sckzsew_600x800_1 0.17150763 36 3 513 503
17yie7_ie2gkntdgnrwezjsgezdambqgiyde_640x960_1 0.105184 0 0 640 597
17yx61_kq2hivkmkrbhstcugfjeg5sckzsew_450x600 0.47764924 37 139 437 600
183trd_ie4ggmdcga3dgmdeguzdambqgiyde_640x960 0.11303629 94 341 638 960
18682577_ifqweobsha4gemteg4zdambqgyyde_640x960_1 0.12798199 243 0 543 419
188waj_ie4dsyjvmmztsobvg4zdambqgiyde_640x960 0.2053393 41 356 608 874
188waj_ie4tcmzwgy4tcnrvg4zdambqgqyde_640x960 0.122228555 0 277 593 864
188waj_ifqwmmrvhaywkobvg4zdambqgyyde_640x960 0.45486206 0 266 371 950
188waj_ifrggnzsgjswiobvg4zdambqmeyde_640x960 0.52292687 92 240 640 941
18gzqr_ieytmn3gguzwczrugazdambqmeyde_640x960_1 0.3782957 184 14 475 461
18j3fq_kq2gy3lckrbfircugfjeg5sckzsew_450x600 0.12369797 46 114 402 577
18xx5s_iezwgzdcmnsgmmjtgmzdambqgyyde_800x800 0.16461335 220 189 588 758
195eu6_ie3tcytbgu4tintdgyzdambqgayde_640x960 0.51907706 157 325 552 943
195eu6_ieytsobygy4tknjugizdambqmeyde_640x960 0.64314926 113 284 536 864
1992g3_ieytcmbqgnrwkojsgezdambqmeyde_640x960 0.20677847 177 312 498 919
1992g3_ieztoobyhbstsndcgezdambqgyyde_640x960 0.3743027 132 243 516 816
199dye_ie3tozdgg4ztcnjzguzdambqgayde_640x960 0.30645198 111 234 529 893
199dye_ifrtsnjrmjrdazlcguzdambqhayde_640x960 0.16408817 132 260 580 960
1ayutq_ie4tcmrvheywizrwgqzdambqgqyde_800x800_2 0.13679096 261 0 546 500
1d179d_iezdgodfgfrgkmrzgmzdambqmmyde_640x960 0.70548 234 230 470 666
1e4swt_ie2dgzbrgy4gmnrtgqzdambqgiyde_653x491 0.10040174 413 130 576 314
1f3s4f_ie2wcy3emiytkyjtgmzdambqhayde_640x960 0.16798297 78 232 539 922
1gal4a_ifrdsnjrha2denjrguzdambqmeyde_750x774_1 0.14460261 305 54 613 483
1ghpko_ifrtinlcmu4daobtg4zdambqhayde_640x960 0.11216158 69 179 543 948
1gnhdk_ie2wiyzwmy4tcnjvgmzdambqhayde_750x750_1 0.18103912 255 0 503 401
1_ie2winrumi3domztgqzdambqhayde_800x800_1 0.14310588 265 18 531 385
1ifrlg_ieztinlfgrqtgmzxgmzdambqgyyde_640x960 0.14264667 73 229 486 949
1izv2f_ie2tsmrugjtdcmrygmzdambqhayde_640x960 0.15727457 142 238 540 908
1jncot_ieywcnjvgyzgenztgqzdambqmeyde_1080x1080 0.105140895 665 93 968 485
1kmb4a_ie2genzwge4gimrsgqzdambqgiyde_640x960 0.10082856 36 348 640 913
1mub8b_ifrwmyjzgm4geyzrgyzdambqhayde_1080x1080 0.15222761 304 92 796 859
1n1dvs_ie2geylegzsgcodcgmzdambqgiyde_640x960 0.18532266 146 232 582 945
1n2jcc_ieytmztegjsdizdbgmzdambqmeyde_1040x1560 0.174327 127 334 814 1219
1nhd5k_ie2gimlemzrdcojrgqzdambqgiyde_640x960 0.10606965 131 221 545 956
1ougvx_ieywkyrvmnstsnlegmzdambqmeyde_720x720 0.11411353 442 369 656 641
1ran78_ie2gcojsmeywimzsgqzdambqgiyde_640x960 0.33820277 69 262 640 785
1rf506_ie2dmnlegnrtsoddgmzdambqgiyde_640x960 0.12212422 149 229 540 765
1rf506_ieztamzumy4wknldgmzdambqgyyde_640x960 0.37576833 145 206 539 929
1rqlk5_ie4gmyruhe3tomrug4zdambqgiyde_750x736 0.23597233 90 162 719 684
1s4dql_ie3wmmrrgmzdinbrguzdambqgayde_640x960 0.1389325 127 335 460 812
1t3t5c_iezdam3fgaztizrwgmzdambqmmyde_1080x1436_1 0.22659783 309 142 824 875
1xxi8y_ifrdiy3cmq4gindggyzdambqmeyde_640x960 0.23701645 0 300 640 960
21i709_ifrwmobtmm3dcobqhezdambqhayde_1242x1659 0.2842847 204 604 1084 1625
21lszp_ie4dkm3bgeygiojtguzdambqgiyde_1080x1616 0.19531363 433 361 802 1207
21lszp_ie4gcm3egeygiojtguzdambqgiyde_1080x1616 0.11019894 354 445 814 1521
21s2ig_ie4deojtgvqtoyrxg4zdambqgiyde_672x1010 0.2598679 67 386 530 1010
223q11_ie4tczbzgm3dinbrguzdambqgqyde_800x800_1 0.14372323 209 26 539 565
228p35_ie4tgzbygjqtoy3dg4zdambqgqyde_640x960 0.14654346 0 154 575 921
243u5x_ifrteoddgy2tmobqg4zdambqhayde_640x960 0.14669107 107 260 551 845
24hi9i_ie4dqmtbmeydqojxgyzdambqgiyde_750x750 0.1465514 290 105 494 588
24hi9i_ie4tcnbxmy4tizjwgyzdambqgqyde_683x1024 0.88811946 154 300 414 704
24kdpx_ie4gknlemq3wkmjsg4zdambqgiyde_750x500 0.48679698 225 104 492 439
24kdpx_ie4tem3emq3wkmjsg4zdambqgqyde_750x1124 0.1299012 203 309 472 741
24kdpx_ie4tkmrrgfsgcodbhazdambqgqyde_1080x1080 0.10491424 476 427 657 753
24kdpx_ifqwkolemq3wkmjsg4zdambqgyyde_750x500 0.12072992 152 168 345 467
24kdpx_ifrtindemq3wkmjsg4zdambqhayde_730x1116 0.3990435 267 336 523 958
24o9u_kq2go427krbdossugfjeg5sckzsew_468x468 0.23961666 131 80 323 434
24o9u_kq2hsqklkrbhsx2ugfjeg5sckzsew_468x468 0.68485636 139 129 339 452
24o9u_kqzfov2wozbdkx2ugfjeg5sckzsew_450x600 0.14173412 102 196 337 561
24o9u_kqzgi5sxkrbgu2cugfjeg5sckzsew_539x792 0.53269583 111 235 388 743
24wxmj_ie4gczbrhbrdezbtg4zdimbqgiyde_750x1124 0.43358988 220 267 555 715
25d3hs_ifqtqnteg4ytcmzxg4zdambqgyyde_1020x1530 0.3882743 319 884 826 1530
25d407_ie4taobrmy4donzrgyzdambqgqyde_916x1530 0.19496904 326 531 608 883
25dqfy_ie3wkzrygmytoyzxgyzdambqgayde_750x810 0.15623297 227 311 393 686
25dqfy_ie4dgobrge4tkytdgyzdambqgiyde_750x752 0.20411551 272 237 475 654
25le0b_ie4tgmtdgjqweyrrg4zdambqgqyde_640x640 0.3244034 249 131 419 381
25le0b_ie4wim3dgjqweyrrg4zdambqgqyde_640x640 0.14104722 233 160 386 438
26sc47_ifrdcntche2dgobvgyzdambqmeyde_800x800 0.546096 213 236 636 770
64709152_ifqweyrqmuydmmlgg4zdambqgyyde_640x960 0.51726 140 206 534 900
66927056_ifqtgnbxmqzgcojrhazdambqgyyde_640x960 0.22623822 174 31 466 621
71438154_ie4dgnjshe2wczjqhazdambqgiyde_640x960 0.11991382 62 213 590 911
7211189_ie4giytegmydeodeg4zdambqgiyde_640x960 0.12604281 74 367 591 900
72743390_ie4tgyzwha4gcnteg4zdambqgqyde_640x960 0.107531644 145 118 522 960
73a02_iezggztbme3danbvmyytambqmmyde_640x960 0.42325696 164 235 569 960
76020710_ifqwiyjwheztmztgg4zdambqgyyde_640x960 0.25247598 77 237 569 960
81173255_ifqtiytggnrggolgg4zdambqgyyde_640x960 0.2232866 144 273 529 894
81334010_ie4dqobygrtdqy3eg4zdambqgiyde_640x960 0.23243722 94 285 552 954
81334010_ifqtazjugzsdoyzshazdambqgyyde_640x960 0.22731991 58 230 488 886
90593773_ie4doyrxhe3gcy3bg4zdambqgiyde_640x960 0.10039623 85 259 640 768
92477099_ie4dszbume4dcylfg4zdambqgiyde_1000x1500 0.24821062 0 105 1000 1449
92477099_ifqwmojvha4ggnzshazdambqgyyde_1000x1500 0.42365167 170 383 752 1188
93097533_ifrtgoddhbrtoyteg4zdambqhayde_640x960 0.13776769 137 295 546 876
95908020_ie4tomzrmy3dizlbg4zdambqgqyde_640x960_1 0.254562 102 0 554 487
99221061_ie4tgy3fgbqwmy3bg4zdambqgqyde_640x960 0.9276502 181 212 542 796
99225591_ie4ggyjvge4tazdbg4zdambqgiyde_640x960_1 0.21434231 91 32 537 507
a37zr_ie2tczjumfsdmytbmyytambqhayde_640x960_1 0.13037133 91 0 511 731
a5wa9_kqzfa2tiozbfqvsugfjeg5sckzsew_450x600 0.22556958 37 147 385 596
aune_kq2g4utikrbhgzcugfjeg5sckzsew_600x800 0.29941365 118 10 496 726
ava6l_ieztsmlbmuytoylfmyytambqgyyde_640x960 0.9245802 59 302 509 947
aykgz_kqzdkqk7ozbhs2cugfjeg5sckzsew_480x551 0.23747905 60 40 360 421
b4fkh_ieywczlfmi2dqn3cgmzdambqmeyde_640x960_1 0.81538546 207 0 536 436
b66wq_kq2dmn2kkrbfiwsugfjeg5sckzsew_450x600 0.55016565 68 117 388 544
ba9u8_kq2go2klkrbewv2ugfjeg5sckzsew_450x600 0.35165554 13 48 446 543
bg85q_ie2toojqmq3wkmdbmyytambqhayde_640x960 0.1930981 104 27 543 817
byrg4_ifqtmodcguzwgodcgqzdambqgyyde_750x1125 0.639955 132 419 569 970
c0bfy_ie3toyzuhe4donzvgqzdambqgayde_640x960 0.51266545 0 0 640 875
c5cr1_ieydomzygmztayrzmuytambqmeyde_640x960 0.41708177 74 14 586 796
c72m_ieywinbwme2gczddgezdambqmeyde_640x960 0.46384987 97 88 602 950
ctknh_kq2dcvk2krbf6v2ugfjeg5sckzsew_450x600_1 0.11213142 101 45 334 442
cx5t_ie4gentgguzginjrhezdambqgiyde_1242x1659 0.15879694 375 532 762 1210
cx5t_ie4winjwgzrwiy3dhazdambqgqyde_1242x1245 0.23634465 634 570 947 897
dc1co_ie4tanjqgaydazryg4zdambqgqyde_1080x1080 0.19509508 202 235 768 1080
dpq2d_ifqtkzjsgjrtkndcgyzdambqgyyde_1080x1078 0.4455471 319 225 777 1015
dqtnf_ie4dinzyguytanjshazdambqgiyde_1242x1527 0.19129913 485 357 906 957
dqtnf_ie4gimzzmm4gkztghazdambqgiyde_1242x1245 0.8327988 328 611 634 1124
dqtnf_ie4tambvgjstmodchazdambqgqyde_1242x1242 0.9337716 269 500 734 1228
dqtnf_ie4tazrqgfqtsn3chazdambqgqyde_1242x1242 0.15465757 548 658 963 1116
dqtnf_ie4temjxmnrdeolegqzdambqgqyde_720x720 0.15175575 334 164 507 471
dqtnf_ie4wenjsgqytanjshazdambqgqyde_1242x1257 0.6542132 418 325 812 992
dqtnf_ie4wimbsmq4gkztghazdambqgqyde_1242x1242 0.5389854 314 514 985 1242
dqtnf_ifqtczrrgiytanjshazdambqgyyde_1242x1251 0.19570032 511 321 837 940
dqtnf_ifqwemzvgjqtsn3chazdambqgyyde_1242x1242 0.34449613 517 381 817 963
dqtnf_ifqwiyrvgfsdam3dhazdambqgyyde_1242x1257 0.5747654 411 295 837 888
dqtnf_ifrgcn3fmuydindchazdambqmeyde_1242x1250 0.10770399 557 330 826 850
dqtnf_ifrgkmddgqytanjshazdambqmeyde_1242x1245 0.2722197 406 398 785 1033
dqtnf_ifrtiy3cgntdam3dhazdambqhayde_1242x1269 0.16363366 377 319 835 975
dqtnf_ifrtiy3cgntdam3dhazdambqhayde_1242x1269 0.13841133 0 275 228 866
dqv5a_ie4wkntemvstgn3cg4zdambqgqyde_640x958 0.46190685 237 339 566 928
dssz_kq2egwkxkrbfqvsugfjeg5sckzsew_675x900 0.31002593 97 160 579 865
dssz_kqzfuskbozbdiwsugfjeg5sckzsew_550x733 0.22898464 50 134 487 707
e18ev_ieztcmrzmuztimjxgezdambqgyyde_640x960 0.5787992 96 225 570 836
e3818_ie4tqzbvgezdqzrsgyzdambqgqyde_591x886 0.16038191 88 127 499 869
e4gke_ie2tkzrvgqygmmjvgezdambqhayde_640x960_1 0.27745497 140 31 473 561
ecro7_kqzdaocmkrbdivsugfjeg5sckzsew_500x750 0.27961826 126 133 363 407
efm5q_ie3wentcmy3tqobugyzdambqgayde_700x700 0.19310325 261 112 442 546
epdnr_kqzfmnkbozbdkvsugfjeg5sckzsew_450x600 0.43288475 117 0 347 592
female_000040 0.1823411 109 185 316 450
female_000042 0.16039433 132 217 372 534
female_000074 0.19615097 0 268 353 614
female_000083 0.3311296 598 571 1683 2563
female_000084 0.19708785 193 186 542 816
female_000215 0.26683012 70 270 532 708
female_000232 0.5589609 101 155 435 675
female_000239 0.6816241 85 154 374 675
female_000267 0.17233087 48 348 421 733
female_000274 0.49641657 94 216 562 750
female_000276 0.22947653 76 170 336 550
female_000315 0.10462845 27 417 486 834
female_6_00656 0.21933673 38 126 350 394
female_6_00666 0.16814113 103 438 716 1122
female_6_00819 0.19522113 69 332 724 858
female_6_00843 0.16415402 0 284 518 746
female_6_00911 0.10283263 36 217 412 632
female_6_00949 0.11075369 121 465 600 741
female_8_00313 0.1356961 61 410 565 960
fevcb_ie4dgojvgmyggm3fgyzdambqgiyde_640x960 0.34952277 15 220 575 955
fevcb_ieztgnbsmi2gmyjtgmzdambqgyyde_640x960_1 0.23609921 133 60 535 782
fmavn_ie2tizjxheydeojxgmzdambqhayde_1000x1500 0.19717155 192 498 826 1323
fypqm_ie2tizbtgntgin3dgmzdambqhayde_588x878 0.14772469 126 252 516 793
fypqm_ie3wcntcg42domjtg4zdambqgayde_750x1124 0.2790391 131 279 627 1022
fypqm_ie4ggzdfhbswgmzyg4zdambqgiyde_750x1125 0.11581963 190 378 525 1007
gcab6_iezgczbvmzsgizbrgmzdambqmmyde_640x976 0.10754828 185 315 464 611
gv440_kq2dqy2zkrbg2rkugfjeg5sckzsew_450x600 0.6194828 134 100 340 549
gz78m_kqzgqmc7ozbdiv2ugfjeg5sckzsew_400x533 0.10715213 62 101 347 503
h1jq1_ieytoolgmq3tgzbrmyytambqmeyde_640x960 0.2111699 45 80 615 895
h3po3_ieztgnrzgjtggnlggezdambqgyyde_640x960_1 0.5470738 103 8 543 588
h4p2l_ieztqnddgztgcyrsgmzdambqgyyde_640x960_1 0.25067747 184 1 493 553
h665a_ie4tcnrzmjrtgmdggyzdambqgqyde_640x960_1 0.12461512 173 13 525 636
hhc0t_ie4giztdgi4wcyjxg4zdambqgiyde_640x960 0.7173065 14 259 623 915
hqe9a_kq2g2n2wkrbhswlwgfjeg5sckzsew_400x497 0.12888877 65 155 323 497
htm19_ie2dsndcha2dezlcgmzdambqgiyde_640x960_1 0.12023276 89 26 555 744
htm19_ie2toyjuhbqwkzdgmyytambqhayde_640x960_1 0.10578342 142 51 532 592
i5kb2_kq2fqodekrbegtcugfjeg5sckzsew_450x599 0.5064077 125 243 414 542
i5kb2_kq2fqodekrbegtcugfjeg5sckzsew_450x599 0.1210944 128 332 339 527
ihj8_kq2dsmsfkrbgowsugfjeg5sckzsew_600x600 0.62928915 56 30 510 597
ioa8y_ie2tky3emeywknzugazdambqhayde_666x1000 0.27036652 84 134 550 987
j189l_ie4ggn3dmu3tqyrrgyzdambqgiyde_640x854 0.48577312 0 101 640 837
j5n7e_ieydmnjrmm4tgm3emiytambqgyyde_2667x4000 0.6540277 523 761 2210 3772
j8ocl_ie4gkzddge2tqmzvguzdambqgiyde_1000x1500 0.24943964 88 406 943 1414
j8ocl_ieztmyrvgvrgemzzgmzdambqgyyde_1000x1500 0.31834066 90 325 1000 1413
jc4zl_kqzdc6kfl5bhgysugfjeg5sckzsew_450x600_1 0.68830234 105 31 333 457
jiepai_20160204_00935 0.120789036 159 177 439 620
jiepai_20160204_04181 0.13112323 206 163 386 502
jiepai_20160204_04201 0.17892995 347 206 470 356
jiepai_20160204_04248 0.14058606 351 74 500 294
jiepai_20160204_04265 0.1256668 171 209 338 440
jiepai_20160204_04324 0.10801576 125 186 358 625
jiepai_20160204_04365 0.14158146 242 216 419 575
jiepai_20160204_04366 0.12297204 241 233 426 514
jiepai_20160204_04425 0.1983697 116 183 405 600
jiepai_20160204_05278 0.7246102 145 212 400 662
jiepai_20160204_05943 0.27295503 116 179 432 664
jiepai_20160204_06136 0.1488458 137 242 312 550
jiepai_20160204_06282 0.71388906 115 161 280 363
jiepai_20160204_06288 0.27315545 130 218 262 442
jiepai_20160204_06336 0.10876867 178 268 343 464
jiepai_20160204_07412 0.75364465 373 272 758 923
jiepai_20160204_07420 0.17227636 75 162 263 474
jiepai_20160204_07424 0.12912253 45 103 187 344
jiepai_20160204_07448 0.14168917 84 167 395 518
jiepai_20160204_07452 0.10939696 643 385 1208 1153
jiepai_20160204_07463 0.16546416 160 216 439 657
jiepai_20160204_07464 0.18753785 97 150 232 279
jiepai_20160204_07587 0.12641074 295 402 441 599
jiepai_20160204_07627 0.21276867 190 235 320 414
jiepai_20160204_07664 0.18084787 184 226 413 728
jiepai_20160204_07804 0.12779734 208 247 479 885
jiepai_20160204_07958 0.1448883 218 172 393 493
jiepai_20160204_07993 0.8696663 46 240 359 762
jiepai_20160204_09419 0.16849509 97 73 181 234
jiepai_20160204_09494 0.17815533 118 121 280 387
jiepai_20160204_09504 0.28748176 195 232 412 529
jiepai_20160204_09514 0.40273556 139 122 330 408
jiepai_20160204_09518 0.4874163 71 100 336 439
jiepai_20160204_09519 0.11710246 61 91 311 476
jiepai_20160204_09523 0.72186077 153 122 431 612
jiepai_20160204_09536 0.12197568 148 210 373 537
jiepai_20160204_09538 0.102693856 1178 506 1331 1018
jiepai_20160204_09551 0.19357027 166 195 393 457
jiepai_20160204_09575 0.11886424 216 222 423 494
jiepai_20160204_09594 0.3344306 157 147 341 525
jiepai_20160204_09604 0.16933319 99 122 243 298
jiepai_20160204_09622 0.1684421 869 753 1416 1475
jiepai_20160204_09704 0.24420907 182 276 385 544
jiepai_20160204_09715 0.14782913 127 200 321 575
jmkt5_ie2dayzxg5rtan3cmyytambqgiyde_640x960_1 0.20002273 105 0 518 484
jmkt5_ieztsylfme2tin3cmyytambqgyyde_640x960_1 0.5520464 107 29 539 519
jq2ja_ieztqmzwmizdanbvgazdambqgyyde_640x960 0.14577432 114 301 602 891
jwumu_iezwkyzqgvqwmy3bmyytambqgyyde_1000x1500_1 0.102876164 167 7 837 951
jwumu_kqzf6zleozbhgqkugfjeg5sckzsew_500x630 0.47439408 95 74 457 607
k0csf_kq2do4dekrbhszdwgfjeg5sckzsew_450x600 0.7961442 49 100 341 567
kp9v7_ie4dmmlfgy2tszrvgqzdambqgiyde_944x1280 0.17665638 394 58 834 753
kxv82_ieztcmbzmu4tqojqgezdambqgyyde_1000x1500_1 0.111310005 262 34 629 529
l1l8x_kq2hkv2wkrbhgx2ugfjeg5sckzsew_450x600 0.5219767 44 45 449 577
l5fyh_ie2dandegjsdsyrtgazdambqgiyde_640x960 0.104153745 48 138 609 921
l6qhx_iezwmn3dmrtdkmzvgezdambqgyyde_640x960 0.14148052 102 268 534 834
l9gfx_kq2heockkrbegrkugfjeg5sckzsew_450x600_1 0.10140889 38 6 319 306
lhjn4_iezgiyrrmq2dknjvgazdambqmmyde_640x960_1 0.10950654 0 0 594 840
lhoit_kq2dcnklkrbhstcugfjeg5sckzsew_450x600 0.16035376 58 136 394 554
ll2jk_ie2wgzbxgbswmylfgazdambqhayde_640x960 0.40915564 67 159 555 916
lm7f7_kq2hg2kxkrbhmrcugfjeg5sckzsew_640x640 0.21308027 116 76 535 630
ls52v_ieydezdbhe2wiobvmiytambqgqyde_450x600_1 0.15720981 88 30 324 417
lswy4_kq2eytk2krbfcv2ugfjeg5sckzsew_400x533 0.93977094 93 0 341 353
luo5d_ie2dinlggjrwmytegmzdambqgiyde_1080x1080 0.48195294 425 37 834 598
luo5d_ifrgemjqmi3dimrvg4zdambqmeyde_1080x1120_1 0.35155654 382 0 704 516
lzlz3_ifrdayzvga2wmmldg4zdambqmeyde_640x960 0.3851178 42 220 636 892
m4bb1_ie2tenlfg43tgyrxgezdambqhayde_640x960 0.2112865 0 12 640 960
m6igq_ieztgnbvmiywgobxgazdambqgyyde_640x960 0.2132584 0 132 640 760
male_03637 0.11314232 21 206 400 598
male_03898 0.2704912 55 137 391 523
male_03983 0.18252677 26 123 321 401
male_03985 0.29204947 0 281 289 500
male_04005 0.16071646 8 327 408 543
male_04168 0.2890187 0 209 396 527
male_04279 0.13614678 0 260 415 515
masw3_ieywgnrwha2gmnldgazdambqmeyde_640x960_1 0.2393764 109 49 470 533
mlnfm_kqzgmqtckrbgu2dwgfjeg5sckzsew_500x750_1 0.18392043 126 70 417 534
msieq_ie2dsojqmm4wem3ggmzdambqgiyde_750x759_1 0.56737536 170 60 510 458
n179x_kqzgy3leozbfcvsugfjeg5sckzsew_450x600 0.29858077 39 80 411 568
n4j71_ieztmnrwgvrdkobsgqzdambqgyyde_640x960 0.15485422 16 112 640 842
n4j71_ifqwmzjtg5rgeyrtg4zdambqgyyde_640x960_1 0.12299605 128 13 470 513
nmis8_ieytmyrxguztizrygmzdambqmeyde_640x960_1 0.13913605 228 8 471 278
nrpg3_iezwkyjtgaydmnzygmzdambqgyyde_720x720 0.1009482 159 129 568 706
nw7tg_iezwmnbwgrsdczbygezdambqgyyde_640x960 0.12468506 1 83 635 759
o52ei_ie2gcojsmq2tqnbygezdambqgiyde_640x961 0.517966 103 86 554 722
o52ei_ieydimrwhaywkmjummytambqmmyde_800x1200 0.7756006 176 50 618 669
o52ei_iezdizbvgqztoyjxgezdambqmmyde_640x961 0.14001517 56 74 575 740
o52ei_kqzekzskozbewysugfjeg5sckzsew_460x613 0.37006176 87 34 369 613
o5wri_kqzgg3czozbdorcugfjeg5sckzsew_450x600 0.14511041 120 78 303 301
o6mnt_ifrgcyjxmqzdkztfgyzdambqmeyde_640x960_1 0.32196626 129 4 508 663
okw69_ifqwimjrgaytandegyzdambqgyyde_640x960 0.5515453 174 357 568 872
p1_60130_hoabi_ifqwgzlcgfrwmojwgyzdambqgyyde_640x960 0.13813627 0 387 640 915
pkyt3_ie2tszbvg4yteyzqgazdambqhayde_640x960 0.16979031 95 433 640 960
q0u2a_ie3tizjymnqtmyzvg4zdambqgayde_640x959 0.1629059 56 112 626 956
rohov_ie2dmnrsgqytezrxgmzdambqgiyde_640x960 0.337913 92 237 495 773
TB2uZMrlpXXXXbQXXXXXXXXXXXX_!!1013909916 0.22385915 151 320 582 766
TB2VKhJoVXXXXXjXpXXXXXXXXXX_!!718920918 0.10579977 143 277 622 729
