10221385 0.3811198 160 264 360 584
11397671 0.11958595 295 966 724 1623
11482200 0.20684837 712 364 1057 690
11538530 0.2293038 284 588 775 1151
11553471 0.4647863 243 364 485 827
11752259 0.13310353 222 374 410 598
200862104 0.13319407 66 136 357 529
201007062 0.11152664 182 241 420 600
201145985 0.17849527 0 79 355 525
201610541 0.19653158 102 191 583 804
204504964 0.10669669 45 296 640 831
231582155 0.12802368 211 252 427 516
231883969 0.12581913 178 298 501 960
231891191 0.101994514 180 307 502 960
233155810 0.104935855 125 211 547 647
233834275 0.11680485 229 253 462 690
235195345 0.1621933 198 298 380 776
236221858 0.1187544 183 559 941 1322
236484393 0.1481785 192 35 659 614
236919205 0.12506351 54 142 231 469
237312913 0.104502864 218 266 430 555
237426893 0.13694756 321 167 681 559
237429273 0.14949316 108 297 544 886
239119855 0.1527383 157 134 457 476
241527333 0.11743066 0 12 609 612
241854828 0.10923159 503 400 621 620
242042981 0.2928407 107 239 553 816
242905288 0.13224979 498 87 656 306
243231444 0.43032724 513 470 736 766
255772317 0.20945676 368 480 667 844
258511598 0.12500721 345 597 886 1280
259286836 0.10601418 291 588 700 1212
259872659 0.17225823 127 317 539 924
259889269 0.11631377 116 363 509 941
260269689 0.1349503 1021 234 1242 620
260283260 0.12193033 142 348 504 673
260351071 0.1620046 146 210 486 677
260400519 0.15816219 142 341 542 915
260704925 0.15970059 140 326 558 905
261169344 0.15277117 150 357 538 955
261254121 0.18501 217 365 504 826
261280884 0.1801164 177 419 591 929
261304225 0.20143487 152 333 585 911
261447581 0.11436922 732 622 986 978
261675980 0.19359918 259 482 745 1216
262737334 0.11815401 275 387 687 899
263118616 0.11960177 280 386 737 1091
263170181 0.13686687 123 234 475 599
263218435 0.3030254 183 339 555 933
263472512 0.34874767 242 443 425 754
263983811 0.12420677 201 315 508 651
270115045 0.13680986 539 606 640 896
270136091 0.19362645 678 650 1026 961
270456636 0.1311284 541 209 640 586
270646930 0.103797935 754 733 969 1042
270819973 0.16262722 164 219 454 660
357 0.1205498 520 404 600 573
4883 0.24175699 241 244 361 411
5083447 0.18934777 60 396 308 698
5166421 0.12617774 422 175 668 530
554883 0.21832871 157 244 379 560
5591175 0.12639117 213 389 461 632
571568 0.14502211 189 356 418 616
577853 0.2688284 223 255 427 553
600001863 0.3226675 344 408 871 1004
600404525 0.12026772 502 110 646 314
600471349 0.10571411 1044 620 1200 1181
600661649 0.13587153 109 314 518 744
600700205 0.110076986 96 212 458 633
600815409 0.2921565 241 249 473 577
601041135 0.2449365 386 236 665 612
601111910 0.39189723 0 359 404 960
601486416 0.1147415 0 220 126 699
601544372 0.13801649 59 40 333 522
601664251 0.10947711 728 669 990 972
602025731 0.2591075 381 321 523 498
602025731 0.104153685 375 358 511 540
602122604 0.15519296 151 347 563 899
602244162 0.14544058 203 333 430 583
602271351 0.15451445 91 672 432 955
